height: 540
width: 960
distortion_model: rational_polynomial
d: [1.4530199766159058, 2.2745800018310547, -9.52121990849264e-05, 0.00024612300330772996, 0.26017600297927856, 1.458009958267212, 2.2898199558258057, 0.42402100563049316]
fx: 367.0459899902344
fy: 367.0085144042969
cx: 459.6434936523437
cy: 280.1849975585937

