lidar_T_imu: !!opencv-matrix
   data:  [-1.000,  0.000,  0.000,  0.002,
           0.000, -1.000,  0.000,  0.010,
           0.000,  0.000,  1.000, -0.031,
           0.000,  0.000,  0.000,  1.000]