height: 540
width: 960
distortion_model: rational_polynomial
d: [3.9787099361419678, 3.9077200889587402, -5.470480027724989e-05, 0.0001224169973284006, 0.7988460063934326, 3.9848101139068604, 3.8970799446105957, 1.1483999490737915]
fx: 367.2850036621094
fy: 367.2925109863281
cx: 475.0469970703125
cy: 279.1474914550781

