left_T_right: !!opencv-matrix
   data:  [1.000, -0.000,  0.000,  0.120,
           0.000,  1.000,  0.000, -0.000,
          -0.000, -0.000,  1.000, -0.000,
           0.000,  0.000,  0.000,  1.000]