height: 300
width: 480
distortion_model: rational_polynomial
d: [3.9787099361419678, 3.9077200889587402, -5.470480027724989e-05, 0.0001224169973284006, 0.7988460063934326, 3.9848101139068604, 3.8970799446105957, 1.1483999490737915]
fx: 183.6425018310547
fy: 183.64625549316406
cx: 237.52349853515625
cy: 154.57374572753906

