body_T_camleft: !!opencv-matrix
   data:  [-1.57980063e-03,  9.97871976e-03,  9.99948963e-01,  2.54314122e-02,
           -9.99995005e-01,  2.72180240e-03, -1.60703486e-03,  2.18462986e-02,
           -2.73769963e-03, -9.99946507e-01,  9.97437001e-03, -4.64507432e-05,
           0.00000000e+00 ,  0.00000000e+00,  0.00000000e+00,  1.00000000e+00]