height: 600
width: 960
distortion_model: rational_polynomial
d: [3.775360107421875, 3.694770097732544, 7.558969809906557e-05, 0.00013098599447403103, 0.6616799831390381, 3.7834599018096924, 3.6961100101470947, 0.9807630181312561]
fx: 367.6705017089844
fy: 367.6315002441406
cx: 473.2780151367187
cy: 299.8655090332031

