body_T_camleft: !!opencv-matrix
   data:  [0.000, -0.000,  1.000, -0.000,
           -1.000, -0.004,  0.000,  0.036,
           0.004, -1.000, -0.000,  0.000,
           0.000 , 0.000,  0.000,  1.000]