body_T_camright: !!opencv-matrix
   data:  [-1.87620664e-03,  8.79353098e-03,  9.99959576e-01,  2.52916452e-02,
           -9.99997978e-01,  7.07368685e-04, -1.88249921e-03, -9.80247394e-02,
           -7.23893905e-04, -9.99961086e-01,  8.79218603e-03, -3.53710902e-04,
           0.00000000e+00 ,  0.00000000e+00,  0.00000000e+00,  1.00000000e+00]