height: 600
width: 960
distortion_model: rational_polynomial
d: [0.24933399260044098, 0.5689910054206848, 3.109199951722985e-06, 0.00012014700041618198, 0.008137890137732029, 0.2504279911518097, 0.6113640069961548, 0.02951980009675026]
fx: 367.497009277343
fy: 367.448486328125
cx: 476.680511474609
cy: 303.807495117187

