body_T_camright: !!opencv-matrix
   data:  [0.000, -0.000,  1.000,  0.000,
           -1.000, -0.004,  0.000, -0.084,
           0.004, -1.000, -0.000,  0.000,
           0.000,  0.000,  0.000,  1.000]