height: 300
width: 480
distortion_model: rational_polynomial
d: [1.4530199766159058, 2.2745800018310547, -9.52121990849264e-05, 0.00024612300330772996, 0.26017600297927856, 1.458009958267212, 2.2898199558258057, 0.42402100563049316]
fx: 183.5229949951172
fy: 183.5042572021484
cx: 229.8217468261718
cy: 155.0924987792968

